0 1 2 2 3
0 0 0 0 0
0 5 10 0 0
0 19 8 0 2
0 22 11 0 3
0 19 7 1 1
0 19 7 0 3
0 20 12 0 4
0 17 8 0 4
0 15 11 0 5
0 16 13 0 3
0 20 12 0 2
0 21 7 0 0
0 18 12 2 0
1 19 10 1 3
4 20 10 1 1
4 19 10 1 0
2 20 10 1 0
1 8 23 0 1
0 7 19 0 1
0 4 11 0 0
0 8 16 0 2
0 3 13 1 0
0 2 16 1 2
0 6 17 2 1
0 3 13 1 2
0 5 16 2 3
0 5 18 1 2
0 5 16 2 0
0 6 13 0 3
0 9 19 0 0
0 4 19 0 2
0 1 6 0 0
0 3 0 2 0
0 2 1 1 1
0 4 4 0 0
0 4 4 0 0
0 7 0 0 2
0 5 3 0 0
0 2 8 0 0
0 4 10 0 1
0 5 11 0 2
0 9 2 0 1
0 10 0 0 1
0 8 0 0 0
0 7 0 0 1
0 5 3 0 0
0 4 2 0 0
0 5 7 0 0
0 6 4 0 2
0 6 3 0 2
0 4 1 1 0
0 3 5 1 2
0 4 7 0 0
0 5 4 0 0
0 5 3 0 0
0 3 4 0 0
0 2 0 0 0
0 1 2 0 0
0 2 2 0 0
0 8 4 0 2
0 9 5 1 1
0 9 4 0 1
0 3 0 0 1
0 1 1 0 1
0 0 3 0 1
0 10 6 0 0
0 6 6 0 1
0 7 4 1 0
0 6 5 1 0
0 7 3 1 0
0 8 3 3 0
0 9 5 2 0
0 12 2 2 0
0 12 0 1 0
0 12 1 1 0
0 11 5 0 1
0 11 17 0 0
0 8 11 0 0
1 11 5 0 0
1 10 4 0 1
0 12 7 1 0
1 11 3 0 1
0 9 6 1 0
0 12 12 0 1
0 12 10 0 1
0 9 1 3 0
0 7 2 3 0
1 6 2 1 0
0 6 4 2 0
0 7 8 0 1
0 8 6 0 1
0 7 16 2 3
1 8 7 0 3
0 8 9 1 1
0 5 9 0 4
0 1 2 0 1
0 8 11 1 0
1 11 21 1 2
1 10 20 2 0
1 5 15 1 2
0 13 8 0 2
0 5 8 0 0
0 3 5 0 0
0 7 4 0 1
0 8 7 0 0
0 9 9 0 1
1 7 11 1 0
0 12 16 0 0
0 12 17 0 1
0 11 17 0 2
0 9 17 1 1
0 7 21 1 5
0 7 17 0 5
0 14 18 0 1
0 15 7 1 2
1 14 4 0 1
0 8 7 0 3
0 5 10 1 3
0 6 10 2 1
0 16 18 0 2
0 15 17 1 2
2 15 17 1 0
1 19 11 0 0
0 18 12 0 0
0 5 16 1 1
0 7 13 0 0
2 4 5 0 0
1 6 7 0 3
0 7 11 0 3
0 6 10 0 2
0 3 7 0 1
2 3 10 0 4
1 10 6 0 3
0 5 10 0 0
0 13 6 0 7
0 13 13 1 3
0 12 11 1 3
0 3 4 0 0
0 19 12 0 1
0 20 9 0 2
0 18 6 0 1
0 18 9 1 1
0 14 18 0 1
0 8 17 0 3
0 20 11 1 4
1 12 14 1 7
0 17 7 0 3
1 16 13 0 2
0 10 11 1 2
1 10 9 1 1
0 12 5 1 2
0 9 0 1 0
0 9 6 2 2
0 11 6 4 2
0 13 11 5 4
0 20 18 3 6
0 15 14 2 5
1 16 8 3 4
0 15 8 2 1
2 18 4 2 2
2 12 12 3 0
0 12 9 0 0
0 10 15 1 1
0 11 10 0 2
0 9 14 0 0
1 7 15 0 0
1 6 17 0 0
0 12 21 0 0
0 16 7 0 3
0 14 9 0 1
0 11 16 0 2
0 21 12 0 1
0 17 8 0 6
1 14 19 4 4
0 10 26 2 2
0 16 24 3 1
0 16 22 2 4
0 15 23 1 2
0 17 17 1 3
0 18 8 1 1
0 9 10 0 0
1 8 20 0 1
1 12 9 1 3
0 11 19 2 1
0 8 20 2 3
0 11 8 2 6
0 9 10 3 5
0 11 9 1 1
0 14 18 1 2
0 14 12 0 3
0 14 20 0 4
1 13 15 1 3
0 14 12 1 3
0 17 10 1 3
0 15 15 2 1
0 15 5 1 2
0 14 10 1 1
0 13 12 3 1
0 11 9 2 2
0 13 13 2 2
0 9 7 1 1
